1 0.090000 0.675455 0.080000 0.085455
1 0.436000 0.591818 0.132000 0.085455
1 0.678000 0.558182 0.292000 0.065455
1 0.717000 0.408182 0.150000 0.063636
1 0.547000 0.262727 0.042000 0.045455
1 0.798000 0.280000 0.080000 0.043636
1 0.068000 0.328182 0.132000 0.085455
1 0.247000 0.502727 0.058000 0.038182
1 0.205000 0.403636 0.046000 0.029091
0 0.946000 0.463636 0.108000 0.454545
0 0.051000 0.632727 0.098000 0.334545
1 0.606000 0.265455 0.048000 0.032727
1 0.522000 0.732727 0.028000 0.018182
1 0.203000 0.735455 0.022000 0.030909
