0 0.509000 0.520909 0.242000 0.725455
0 0.371000 0.230909 0.534000 0.181818
1 0.417000 0.214545 0.058000 0.050909
1 0.126000 0.567273 0.088000 0.061818
1 0.180000 0.675455 0.060000 0.049091
1 0.259000 0.755455 0.046000 0.034545
1 0.298000 0.647273 0.084000 0.072727
1 0.450000 0.411818 0.040000 0.034545
1 0.590000 0.802727 0.060000 0.078182
1 0.578000 0.687273 0.072000 0.083636
1 0.560000 0.530909 0.088000 0.069091
1 0.838000 0.455455 0.116000 0.041818
1 0.664000 0.769091 0.032000 0.029091
1 0.872000 0.775455 0.052000 0.034545
1 0.732000 0.355455 0.024000 0.020000
1 0.247000 0.608182 0.038000 0.030909
1 0.420000 0.791818 0.056000 0.078182
