1 0.131000 0.227273 0.046000 0.025455
1 0.172000 0.548182 0.084000 0.041818
0 0.508000 0.467273 0.244000 0.745455
0 0.643000 0.767273 0.522000 0.181818
1 0.695000 0.355455 0.086000 0.074545
1 0.738000 0.247273 0.048000 0.043636
1 0.880000 0.429091 0.088000 0.065455
1 0.827000 0.323636 0.058000 0.043636
1 0.336000 0.228182 0.032000 0.027273
1 0.757000 0.396364 0.026000 0.021818
1 0.443000 0.467273 0.082000 0.065455
1 0.413000 0.202727 0.058000 0.081818
1 0.418000 0.320000 0.060000 0.087273
1 0.578000 0.208182 0.068000 0.070909
