0 0.073000 0.536364 0.142000 0.469091
1 0.208000 0.730000 0.060000 0.045455
1 0.287000 0.594545 0.134000 0.058182
1 0.318000 0.447273 0.280000 0.080000
1 0.471000 0.479091 0.038000 0.030909
1 0.399000 0.737273 0.042000 0.034545
1 0.455000 0.740909 0.034000 0.034545
1 0.478000 0.270000 0.028000 0.020000
1 0.758000 0.509091 0.056000 0.032727
1 0.916000 0.331818 0.080000 0.074545
1 0.796000 0.594545 0.036000 0.025455
1 0.901000 0.667273 0.062000 0.058182
1 0.840000 0.718182 0.036000 0.029091
1 0.948000 0.702727 0.104000 0.096364
0 0.954000 0.404545 0.092000 0.420000
